image_width: 720
image_height: 576
camera_name: ecml
camera_matrix:
  rows: 3
  cols: 3
  data: [820.3690766521041, 0, 280.1062432116938, 0, 899.6467343660232, 305.8841084684218, 0, 0, 1]
distortion_model: plumb_bob
distortion_coefficients:
  rows: 1
  cols: 5
  data: [-0.2739185293976282, 0.7820869026504828, 0.002479031725887617, 0.006572079022637968, 0]
rectification_matrix:
  rows: 3
  cols: 3
  data: [0.9864157392604345, 0.03526925550118055, -0.1604371183850017, -0.03538906298646653, 0.9993713804071068, 0.002111455453864417, 0.1604107339308393, 0.003594946395454865, 0.9870438049044142]
projection_matrix:
  rows: 3
  cols: 4
  data: [1107.039067807276, 0, 502.4942302703857, 0, 0, 1107.039067807276, 301.6011772155762, 0, 0, 0, 1, 0]