image_width: 720
image_height: 576
camera_name: ecmr
camera_matrix:
  rows: 3
  cols: 3
  data: [844.5804174556977, 0, 381.6116445485324, 0, 929.5880647118565, 304.1569667228187, 0, 0, 1]
distortion_model: plumb_bob
distortion_coefficients:
  rows: 1
  cols: 5
  data: [-0.3565544050797735, 1.396916740414289, 0.001842924290268257, 0.009667967663813216, 0]
rectification_matrix:
  rows: 3
  cols: 3
  data: [0.9847041023098246, 0.03440373805945466, -0.1708046067930808, -0.03427611351689627, 0.9994055635907279, 0.003696959030953102, 0.170830263526049, 0.002214107367797591, 0.9852979847701834]
projection_matrix:
  rows: 3
  cols: 4
  data: [1107.039067807276, 0, 502.4942302703857, -6.49354295818626, 0, 1107.039067807276, 301.6011772155762, 0, 0, 0, 1, 0]